4294967279,347
4294967279,346
4294967278,535
4294967279,345
4294967279,344
4294967278,534
4294967278,533
4294967278,532
48,4
48,3
48,2
48,1
47,4
47,3
47,2
47,1
46,4
4294967279,343
4294967279,342
46,3
46,2
46,1
4294967278,531
45,4
45,3
45,2
45,1
4294967279,341
4294967278,530
4294967278,529
4294967279,340
4294967278,528
4294967279,339
4294967278,527
4294967279,338
4294967278,526
4294967279,337
44,4
44,3
44,2
44,1
43,4
43,3
43,2
43,1
42,4
42,3
42,2
42,1
41,4
4294967279,336
4294967278,525
41,3
41,2
41,1
4294967278,524
4294967279,335
4294967278,523
4294967278,522
4294967279,334
4294967278,521
4294967279,333
4294967278,520
4294967278,519
4294967278,518
40,4
40,3
40,2
40,1
39,4
39,3
39,2
39,1
38,4
38,3
38,2
38,1
4294967279,332
37,4
37,3
37,2
37,1
4294967278,517
4294967279,331
4294967279,330
4294967278,516
4294967279,329
4294967278,515
4294967279,328
4294967279,327
4294967279,326
36,4
36,3
36,2
36,1
35,4
35,3
35,2
35,1
4294967278,514
4294967278,513
34,4
34,3
34,2
34,1
33,4
4294967278,512
33,3
33,2
33,1
4294967278,319
4294967279,325
4294967279,324
4294967279,323
4294967278,318
4294967279,322
4294967278,317
4294967279,321
4294967278,316
4294967279,320
4294967278,315
4294967279,319
32,4
4294967278,314
32,3
32,2
32,1
4294967278,313
4294967279,318
31,4
31,3
31,2
31,1
4294967279,317
4294967294,472
4294967294,1420
4294967294,922
30,4
30,3
30,2
30,1
4294967278,312
29,4
29,3
29,2
29,1
27,4
28,4
28,3
28,2
28,1
27,3
27,2
27,1
26,4
26,3
26,2
26,1
25,4
4294967294,953
4294967294,954
25,3
4294967279,316
25,2
25,1
4294967279,315
24,4
24,3
24,2
24,1
4294967279,314
23,4
22,4
23,3
23,2
23,1
22,3
22,2
22,1
21,4
21,3
21,2
21,1
4294967278,311
4294967279,313
4294967279,312
20,4
20,3
20,2
20,1
4294967279,311
19,4
18,4
17,4
19,3
19,2
19,1
18,3
18,2
18,1
17,3
17,2
17,1
4294967279,310
4294967278,310
4294967279,309
16,4
16,3
16,2
16,1
4294967278,309
4294967279,308
4294967278,308
15,4
15,3
15,2
15,1
4294967279,307
14,4
14,3
14,2
14,1
4294967279,306
4294967294,1419
13,4
13,3
13,2
13,1
4294967279,305
4294967294,428
12,4
12,3
12,2
12,1
4294967279,304
4294967279,303
4294967278,307
4294967279,302
4294967278,306
4294967279,301
4294967278,305
4294967279,300
4294967278,304
4294967279,299
4294967278,303
4294967279,298
4294967278,302
11,4
11,3
11,2
11,1
4294967278,301
4294967278,300
4294967279,297
4294967279,296
4294967278,299
4294967294,471
4294967279,295
4294967278,298
10,4
10,3
10,2
10,1
4294967278,297
4294967279,294
4294967294,1418
4294967279,293
4294967294,974
4294967279,292
4294967278,296
9,4
9,3
9,2
9,1
4294967294,1417
8,4
8,3
8,2
8,1
7,4
7,3
7,2
7,1
4294967279,291
4294967278,295
4294967293,131
4294967293,130
4294967293,129
4294967293,128
4294967293,127
4294967293,126
4294967293,125
4294967293,124
4294967293,123
4294967293,122
4294967293,121
4294967293,120
4294967293,119
4294967293,118
4294967293,117
4294967293,116
4294967293,115
4294967293,114
4294967293,113
4294967293,112
4294967293,111
4294967293,110
4294967293,109
4294967293,108
4294967293,107
4294967293,106
4294967293,105
4294967293,104
4294967293,103
4294967293,102
4294967293,101
4294967293,100
4294967293,99
4294967293,98
4294967293,97
4294967293,96
4294967293,95
4294967293,94
4294967293,93
4294967293,92
4294967293,91
4294967293,90
4294967293,89
4294967293,88
4294967293,87
4294967293,86
4294967293,85
4294967293,84
4294967293,83
4294967293,82
4294967293,81
4294967293,80
4294967293,79
4294967293,78
4294967293,77
4294967293,76
4294967293,75
4294967293,74
4294967293,73
4294967293,72
